Table for Amino Acid Properties:

AA	Symb	acidic	basic	sulfur-	hydrox-	aroma-	cyclic	polar	charge	hydro-	MW
		Rchain 	Rchain	ours	yl	tic				pathy  
____________________________________________________________________________________________

Ala 	A	0	0    	0	0	0	0	0	0	1.8	89.094
Arg	R	0	1    	0	0	0	0	1	1	-4.5	174.203
Asn	N	0	1    	0	0	0	0	1	0	-3.5	132.119
Asp	D	1	0    	0	0	0	0	-1	-1	-3.5	133.104
Cys	C	0	0    	1	0	0	0	0	0	2.5	121.154
Glu	E	1	0	0	0	0	0	-1	-1	-3.5	147.131
Gln	Q	0	1	0	0	0	0	1	0	-3.5	146.146
Gly	G	0	0	0	0	0	0	0	0	-0.4	75.067
His	H	0	1	0	0	1	0	1	0.2	-3.2	155.156
Ile	I	0	0	0	0	0	0	0	0	4.5	131.175
Leu	L	0	0	0	0	0	0	0	0	3.8	131.175
Lys	K	0	1	0	0	0	0	1	1	-3.9	146.189
Met	M	0	0	1	0	0	0	0	0	1.9	149.208
Phe	F	0	0	0	0	1	0	0	0	2.8	165.192
Pro	P	0	0	0	0	0	1	0	0	-1.6	115.132
Ser	S	0	0	0	1	0	0	-1	0	-0.8	105.093
Thr	T	0	0	0	1	0	0	-1	0	-0.7	119.119
Trp	W	0	0	0	0	1	0	0	0	-0.9	204.228
Tyr	Y	0	0	0	1	1	0	-1	0	-1.3	181.191
Val	V	0	0	0	0	0	0	0	0	4.2	117.148
